4196916,4196908,4196892,4196880,4196941,4196911,LABEL_8
4196892,4196941,4196911,4196908,4196880,4196916,LABEL_3
4196911,4196941,4196916,4196908,4196892,4196880,LABEL_10
4196916,4196911,4196908,4196880,4196892,4196941,LABEL_3
4196916,4196908,4196911,4196880,4196941,4196892,LABEL_8
4196908,4196880,4196941,4196911,4196892,4196916,LABEL_9
4196911,4196880,4196941,4196916,4196908,4196892,LABEL_10
4196911,4196892,4196916,4196880,4196941,4196908,LABEL_9
4196916,4196908,4196941,4196892,4196911,4196880,LABEL_7
4196911,4196916,4196908,4196880,4196892,4196941,LABEL_8
4196916,4196880,4196908,4196911,4196892,4196941,LABEL_6
4196892,4196941,4196911,4196916,4196880,4196908,LABEL_8
4196911,4196892,4196908,4196941,4196916,4196880,LABEL_5
4196911,4196880,4196908,4196892,4196941,4196916,LABEL_1
4196892,4196916,4196941,4196908,4196911,4196880,LABEL_5
4196892,4196941,4196880,4196908,4196911,4196916,LABEL_5
4196908,4196941,4196911,4196892,4196880,4196916,LABEL_1
4196941,4196911,4196880,4196916,4196908,4196892,LABEL_5
4196941,4196908,4196880,4196892,4196916,4196911,LABEL_7
4196941,4196911,4196880,4196892,4196908,4196916,LABEL_1
4196880,4196916,4196908,4196941,4196911,4196892,LABEL_1
4196941,4196908,4196892,4196911,4196880,4196916,LABEL_6
4196908,4196911,4196892,4196941,4196880,4196916,LABEL_10
4196941,4196908,4196880,4196911,4196916,4196892,LABEL_8
4196880,4196911,4196941,4196892,4196908,4196916,LABEL_3
4196941,4196880,4196911,4196908,4196892,4196916,LABEL_4
4196911,4196892,4196916,4196941,4196880,4196908,LABEL_7
4196911,4196880,4196908,4196892,4196941,4196916,LABEL_5
4196880,4196911,4196908,4196892,4196941,4196916,LABEL_5
4196911,4196941,4196908,4196880,4196892,4196916,LABEL_3
4196911,4196880,4196908,4196916,4196892,4196941,LABEL_1
4196880,4196892,4196908,4196916,4196941,4196911,LABEL_2
4196908,4196880,4196911,4196941,4196892,4196916,LABEL_6
4196916,4196880,4196941,4196911,4196908,4196892,LABEL_5
4196880,4196916,4196941,4196892,4196911,4196908,LABEL_3
4196911,4196908,4196880,4196892,4196916,4196941,LABEL_7
4196916,4196911,4196892,4196908,4196941,4196880,LABEL_8
4196941,4196908,4196916,4196911,4196892,4196880,LABEL_5
4196916,4196908,4196911,4196941,4196880,4196892,LABEL_5
4196880,4196908,4196911,4196916,4196941,4196892,LABEL_8
4196911,4196908,4196880,4196892,4196916,4196941,LABEL_8
4196880,4196908,4196941,4196916,4196911,4196892,LABEL_9
4196911,4196880,4196941,4196908,4196916,4196892,LABEL_3
4196916,4196880,4196908,4196941,4196911,4196892,LABEL_2
4196941,4196911,4196908,4196880,4196916,4196892,LABEL_3
4196880,4196911,4196941,4196916,4196908,4196892,LABEL_8
4196880,4196911,4196941,4196908,4196916,4196892,LABEL_5
4196908,4196892,4196911,4196941,4196880,4196916,LABEL_8
4196880,4196892,4196911,4196908,4196941,4196916,LABEL_3
4196941,4196916,4196908,4196892,4196911,4196880,LABEL_3
4196880,4196916,4196941,4196911,4196908,4196892,LABEL_7
4196916,4196941,4196892,4196911,4196908,4196880,LABEL_10
4196941,4196880,4196911,4196908,4196892,4196916,LABEL_7
4196892,4196880,4196911,4196941,4196916,4196908,LABEL_6
4196880,4196911,4196892,4196941,4196916,4196908,LABEL_9
4196916,4196941,4196892,4196911,4196908,4196880,LABEL_1
4196941,4196908,4196880,4196892,4196911,4196916,LABEL_2
4196911,4196941,4196916,4196892,4196908,4196880,LABEL_7
4196892,4196911,4196880,4196916,4196908,4196941,LABEL_8
4196880,4196892,4196916,4196908,4196941,4196911,LABEL_7
4196916,4196941,4196908,4196892,4196911,4196880,LABEL_5
4196880,4196908,4196916,4196892,4196911,4196941,LABEL_2
4196911,4196941,4196908,4196892,4196880,4196916,LABEL_6
4196916,4196880,4196892,4196941,4196908,4196911,LABEL_3
4196892,4196880,4196916,4196908,4196911,4196941,LABEL_1
4196911,4196908,4196916,4196880,4196941,4196892,LABEL_1
4196908,4196880,4196941,4196892,4196916,4196911,LABEL_8
4196941,4196916,4196892,4196908,4196880,4196911,LABEL_5
4196941,4196911,4196908,4196892,4196916,4196880,LABEL_7
4196911,4196908,4196892,4196880,4196941,4196916,LABEL_4
4196916,4196941,4196880,4196892,4196911,4196908,LABEL_8
4196916,4196908,4196892,4196880,4196941,4196911,LABEL_5
4196880,4196892,4196908,4196941,4196911,4196916,LABEL_9
4196892,4196916,4196941,4196880,4196911,4196908,LABEL_8
4196911,4196880,4196908,4196941,4196892,4196916,LABEL_7
4196892,4196916,4196941,4196880,4196908,4196911,LABEL_8
4196908,4196916,4196880,4196892,4196941,4196911,LABEL_10
4196908,4196892,4196880,4196941,4196916,4196911,LABEL_2
4196941,4196908,4196880,4196892,4196911,4196916,LABEL_1
4196911,4196908,4196941,4196880,4196916,4196892,LABEL_1
4196892,4196911,4196880,4196916,4196908,4196941,LABEL_7
4196908,4196916,4196892,4196911,4196880,4196941,LABEL_4
4196908,4196880,4196911,4196941,4196892,4196916,LABEL_8
4196880,4196908,4196941,4196916,4196911,4196892,LABEL_1
4196892,4196941,4196911,4196916,4196908,4196880,LABEL_9
4196916,4196941,4196880,4196911,4196892,4196908,LABEL_6
4196908,4196941,4196916,4196892,4196911,4196880,LABEL_9
4196892,4196880,4196916,4196911,4196908,4196941,LABEL_9
4196880,4196892,4196908,4196941,4196911,4196916,LABEL_1
4196908,4196880,4196916,4196911,4196892,4196941,LABEL_5
4196908,4196916,4196911,4196941,4196880,4196892,LABEL_9
4196911,4196892,4196941,4196908,4196880,4196916,LABEL_8
4196908,4196941,4196880,4196911,4196916,4196892,LABEL_2
4196908,4196916,4196880,4196892,4196911,4196941,LABEL_6
4196880,4196911,4196916,4196941,4196892,4196908,LABEL_5
4196911,4196880,4196941,4196892,4196916,4196908,LABEL_6
4196880,4196911,4196916,4196941,4196908,4196892,LABEL_7
4196941,4196908,4196911,4196880,4196892,4196916,LABEL_7
4196941,4196916,4196911,4196880,4196908,4196892,LABEL_4
4196916,4196908,4196911,4196880,4196892,4196941,LABEL_9
4196908,4196892,4196916,4196941,4196880,4196911,LABEL_9
4196941,4196880,4196908,4196916,4196911,4196892,LABEL_6
4196941,4196892,4196916,4196880,4196911,4196908,LABEL_3
4196892,4196941,4196908,4196916,4196880,4196911,LABEL_8
4196916,4196941,4196911,4196892,4196908,4196880,LABEL_3
4196880,4196892,4196908,4196911,4196916,4196941,LABEL_2
4196916,4196911,4196908,4196941,4196892,4196880,LABEL_9
4196916,4196911,4196892,4196941,4196908,4196880,LABEL_6
4196892,4196880,4196941,4196916,4196911,4196908,LABEL_3
4196892,4196880,4196911,4196941,4196908,4196916,LABEL_6
4196880,4196911,4196916,4196892,4196908,4196941,LABEL_4
4196911,4196908,4196880,4196916,4196892,4196941,LABEL_6
4196880,4196892,4196911,4196908,4196941,4196916,LABEL_2
4196941,4196911,4196880,4196908,4196892,4196916,LABEL_1
4196908,4196892,4196941,4196911,4196880,4196916,LABEL_3
4196880,4196941,4196911,4196892,4196908,4196916,LABEL_10
4196941,4196911,4196908,4196892,4196916,4196880,LABEL_2
4196916,4196911,4196908,4196941,4196892,4196880,LABEL_5
4196941,4196916,4196911,4196892,4196908,4196880,LABEL_10
4196892,4196916,4196908,4196941,4196880,4196911,LABEL_9
4196892,4196880,4196916,4196911,4196908,4196941,LABEL_9
4196916,4196880,4196911,4196908,4196892,4196941,LABEL_10
4196908,4196941,4196880,4196911,4196892,4196916,LABEL_10
4196941,4196880,4196908,4196916,4196892,4196911,LABEL_9
4196892,4196941,4196880,4196908,4196916,4196911,LABEL_7
4196880,4196908,4196916,4196911,4196892,4196941,LABEL_10
4196892,4196941,4196911,4196908,4196880,4196916,LABEL_8
4196880,4196892,4196908,4196941,4196911,4196916,LABEL_4
4196880,4196892,4196911,4196941,4196908,4196916,LABEL_4
4196941,4196911,4196916,4196880,4196908,4196892,LABEL_4
4196880,4196892,4196941,4196916,4196908,4196911,LABEL_8
4196892,4196908,4196941,4196911,4196880,4196916,LABEL_8
4196892,4196880,4196908,4196911,4196941,4196916,LABEL_6
4196908,4196880,4196911,4196892,4196916,4196941,LABEL_2
4196911,4196880,4196892,4196908,4196941,4196916,LABEL_8
4196941,4196892,4196880,4196916,4196911,4196908,LABEL_2
4196880,4196941,4196911,4196916,4196892,4196908,LABEL_10
4196916,4196911,4196892,4196941,4196880,4196908,LABEL_3
4196911,4196908,4196892,4196916,4196880,4196941,LABEL_9
4196908,4196941,4196880,4196911,4196892,4196916,LABEL_10
4196941,4196880,4196916,4196911,4196892,4196908,LABEL_4
4196916,4196880,4196911,4196892,4196941,4196908,LABEL_7
4196880,4196916,4196941,4196911,4196908,4196892,LABEL_4
4196941,4196908,4196916,4196892,4196911,4196880,LABEL_9
4196916,4196880,4196892,4196941,4196911,4196908,LABEL_3
4196908,4196911,4196916,4196941,4196880,4196892,LABEL_6
4196911,4196892,4196916,4196880,4196941,4196908,LABEL_6
4196880,4196941,4196911,4196892,4196916,4196908,LABEL_2
4196911,4196941,4196880,4196908,4196892,4196916,LABEL_10
4196916,4196941,4196892,4196911,4196908,4196880,LABEL_9
